%YAML:1.0
cameraMatrix: !!opencv-matrix
   rows: 3
   cols: 3
   dt: d
   data: [ 3.5854450384655195e+02, 0., 2.3658584902184654e+02, 0.,
       3.6042418378231929e+02, 1.8352659077194366e+02, 0., 0., 1. ]
distortionCoefficients: !!opencv-matrix
   rows: 1
   cols: 5
   dt: d
   data: [ 1.3638421202094858e-01, -4.8243265457642848e-01,
       -7.7591920260705145e-03, 4.0998947769269791e-03,
       3.7337332792336292e-01 ]
rotation: !!opencv-matrix
   rows: 3
   cols: 3
   dt: d
   data: [ 1., 0., 0., 0., 1., 0., 0., 0., 1. ]
projection: !!opencv-matrix
   rows: 4
   cols: 4
   dt: d
   data: [ 3.5854450384655195e+02, 0., 2.3658584902184654e+02, 0., 0.,
       3.6042418378231929e+02, 1.8352659077194366e+02, 0., 0., 0., 1.,
       0., 0., 0., 0., 1. ]
