%YAML:1.0
rotation: !!opencv-matrix
   rows: 3
   cols: 3
   dt: d
   data: [ 9.9948105156615341e-01, 4.3901581913930758e-03,
       -3.1911660427979119e-02, -5.3358483561572840e-03,
       9.9954728177576735e-01, -2.9610137064776346e-02,
       3.1767220251954650e-02, 2.9765046711357476e-02,
       9.9905199349770302e-01 ]
translation: !!opencv-matrix
   rows: 3
   cols: 1
   dt: d
   data: [ -5.6765665801280646e-02, -3.2938008939976350e-03,
       3.5542469234757096e-02 ]
essential: !!opencv-matrix
   rows: 3
   cols: 3
   dt: d
   data: [ 8.5014327574341482e-05, -3.5624418648668048e-02,
       -2.2382609636710992e-03, 3.7327311934270808e-02,
       1.8456697566297314e-03, 5.5577632372002354e-02,
       3.5949845657342293e-03, -5.6725506642886107e-02,
       1.5757284893025804e-03 ]
fundamental: !!opencv-matrix
   rows: 3
   cols: 3
   dt: d
   data: [ -1.3503001142541510e-07, 5.6287908540467995e-05,
       -9.0237287724202146e-03, -5.9211986605372614e-05,
       -2.9125008312957401e-06, -1.7066872007895778e-02,
       2.6415707686760440e-02, 4.2738820845842872e-02, 1. ]
