%YAML:1.0
depthShift: -3.4464254204922170e+01
